0,34.25505951729409,63.6400689635782,[112]
1,90.52208235554504,97.2712596860506,[]
2,42.852960121628534,37.081105270917334,[72]
3,23.796861523635016,0.5981004321354177,[15]
4,27.76733049109201,72.76978766017615,[]
5,95.47002075909026,78.34223393971543,[]
6,13.64220001805071,69.47401656861774,[101]
7,99.0665216056853,63.65378004836379,[]
8,76.03191854758992,27.553019091892683,[]
9,55.517605102140244,12.379555533239051,[117]
10,98.09487955567519,6.481269738790907,[]
11,33.16060967576853,71.32542557125635,[]
12,8.483940182786043,71.55020719515352,[111]
13,26.57372012563868,41.618363843114196,[]
14,60.03128832999004,57.826983624073094,[153]
15,25.376634884430814,1.2338380402617033,[3]
16,83.92324278172306,14.703353407584318,[]
17,55.78829322429036,25.070397026729317,[193,194,125]
18,7.283017574809425,32.74676862544737,[]
19,57.51793121378523,68.39490370092301,[]
20,53.42724934865352,96.06958141240072,[177]
21,66.47596021031312,60.048128724851644,[42]
22,53.53465001385674,48.06125218928281,[172]
23,9.826217754197453,85.49190733776722,[89]
24,86.0628778046702,6.082272978057479,[]
25,84.06142726837254,26.595423211253944,[]
26,25.97231663123124,11.59749719412716,[]
27,79.06869693023492,64.99964623105727,[]
28,29.663153548912092,56.230427908504,[185]
29,31.562213828580443,48.96527231846844,[]
30,3.5047712806292375,81.3489478124138,[]
31,39.795321199786734,69.80099244421567,[]
32,3.9341492531463462,9.046856788438939,[]
33,48.12435565872251,93.28530748128235,[]
34,95.32260015304979,25.764525873842782,[]
35,14.781851672209513,43.93648446603139,[]
36,48.157866860546186,6.295833461879008,[]
37,9.126719374983184,45.5516703435259,[]
38,94.56118945570798,35.55750410995788,[126]
39,45.674339914464504,80.12762497172335,[]
40,70.75670097387192,58.25084498569871,[]
41,51.36954119994601,39.091864489252146,[]
42,66.83307651752413,62.42478452208616,[21]
43,79.85063031406926,5.714476902843102,[]
44,72.9850829576556,81.95304587988893,[]
45,31.862825520918303,25.637252955187517,[50]
46,58.395306928854204,85.0671806850135,[]
47,14.514546305325403,93.64818620131608,[187]
48,44.01396952651267,1.3410551612489496,[]
49,73.73021980264858,9.145780127126912,[186]
50,33.71744900786147,27.901385127684975,[45]
51,64.03837049363297,30.179068846145885,[113]
52,49.673750557264626,47.14270819766616,[]
53,77.74398427115023,86.51556554081726,[128]
54,77.21582338114393,82.85417664487798,[128]
55,41.569214184069594,95.8808733917453,[195]
56,62.12126448391263,19.41940857522092,[85]
57,3.006706450312613,64.32999512866071,[]
58,18.919669751533196,9.62955985700792,[]
59,70.91496756037327,41.651854421244536,[107]
60,2.6964714262299516,0.6536912702122533,[]
61,45.29535140086488,45.77493135574947,[]
62,68.83478703399504,14.839400067652974,[118]
63,69.72538057196539,66.33327779949519,[158]
64,95.2344895473482,32.270604320381224,[]
65,66.58330742912834,6.868671511853863,[]
66,69.77031752354192,35.388233069970674,[116]
67,69.98395459928201,27.58597600278483,[]
68,52.09853808558318,92.48358063713044,[177]
69,54.25602184041305,6.145262936888307,[]
70,3.39429695776422,76.50283902862502,[]
71,66.82624040359153,42.66559750678074,[]
72,40.19948734046855,38.35538852656482,[2]
73,13.535867878043096,96.93182903339299,[]
74,9.28358525853582,79.79721314973914,[]
75,11.70019039407022,60.737143922801806,[]
76,99.26758215504323,99.96477668179774,[]
77,21.631878401059236,36.36049323687228,[]
78,1.7338005605592732,21.763572184381953,[]
79,90.8841569930236,13.3694649409689,[]
80,9.641998196167235,39.56948640590851,[]
81,97.12993603257745,10.255570443746587,[]
82,94.09490185868633,68.08000489118821,[]
83,55.37819779801194,74.85028167353323,[]
84,31.843848983918132,13.656204359685887,[]
85,63.13908438911642,18.03661083258481,[56]
86,65.39802127499541,34.125392837633214,[]
87,93.18429645810336,88.96240920199077,[]
88,65.1982545430689,0.7681203979046147,[]
89,7.709561298743306,86.77794695192252,[150,23]
90,29.03918755227147,27.09225213387083,[]
91,59.99110706389058,43.86179138959179,[162]
92,97.77111123438308,83.00067496414101,[]
93,70.03818211050586,8.565355087365024,[]
94,88.28554251992794,70.08806957953412,[155,110]
95,9.278892808313577,1.6979390416413498,[178]
96,44.88619375529568,94.05617774420986,[195]
97,5.976712000961292,20.290455704248554,[]
98,88.36971970616447,33.615815854903666,[]
99,87.86022871996347,14.617459726063487,[]
100,98.48818639940612,71.74785299096392,[]
101,11.358826323005978,70.02350346663562,[6]
102,99.93796225548408,24.82422190282987,[]
103,87.87213997096774,83.79124425959306,[]
104,34.61730511173248,77.84400141617759,[]
105,6.661318019383355,39.10514320014406,[]
106,93.61763218902797,9.918457174388939,[]
107,71.23526269746732,43.105972095035916,[59]
108,51.261097743398295,73.14285864917153,[]
109,11.515139970203702,14.097808376418131,[]
110,90.4697276549291,70.12182792215516,[155,94]
111,7.595693619379684,74.16054159315463,[12]
112,33.849087767991406,60.66879619947441,[0]
113,62.58194204191122,27.737352642843703,[51]
114,98.0920385994587,16.579146880056417,[]
115,91.76511167216786,84.20805835735604,[]
116,70.65584662809218,34.88048739148809,[66]
117,53.31169890267038,13.025547016890993,[180,9]
118,67.13855527099287,14.592351535502136,[62]
119,31.674820800974025,3.684016672002055,[]
120,65.37815028845566,99.7816596215362,[139]
121,99.09707272538807,39.60408318757668,[]
122,28.02077116344419,92.57903350862163,[130]
123,22.85933959814731,84.96126326409498,[]
124,19.151820810564256,43.82506062066918,[]
125,56.34013143025941,26.55068946639649,[17,193]
126,92.5564910858953,36.14449871261137,[38]
127,50.4851548970278,8.97241940735155,[]
128,79.27391523055807,84.50025634831495,[53,54]
129,48.947040511021434,50.7379856741175,[]
130,30.331765848511793,92.65797983183566,[122]
131,84.9402508469131,31.340340902662057,[]
132,76.89582157706619,20.49590235625205,[]
133,80.76636027267374,94.89571256304502,[]
134,54.54160522966437,36.72360067511207,[]
135,62.00008497130794,24.657267367033565,[]
136,0.9529697594875763,54.327095072123,[]
137,37.486567269908214,4.516964296327819,[164,143]
138,77.0750512262609,71.93677578064467,[]
139,63.58557579572538,98.5532813432061,[120]
140,80.59671343795492,73.31843515621,[]
141,6.508445930109907,47.74902009583939,[]
142,17.610289329249973,69.31661130242398,[]
143,40.12877131196583,4.194683213499395,[137,191]
144,73.39403472617519,1.8334384379554258,[]
145,68.30793264232659,97.40943263746313,[]
146,76.48537014054223,67.80495553682772,[]
147,40.56180831368438,54.852947878620995,[]
148,81.56070755959284,62.64089752868456,[]
149,37.80508437310086,79.26799091200301,[]
150,6.110201936975301,87.22274335033748,[89]
151,40.94477897105007,19.184840127728563,[]
152,43.49353507222455,10.308843773116138,[]
153,59.25476526643334,55.735165211657744,[14]
154,40.685428965878245,29.074225497635187,[]
155,87.74815267726869,68.86435242530327,[94,110]
156,72.86726328699855,24.516705930595826,[]
157,83.17469423150646,39.097670586731105,[]
158,68.99381807990035,65.58972336570373,[63]
159,96.80534643797321,87.20706215769468,[]
160,42.5618423423022,76.17632344427682,[181]
161,78.8264626216568,53.44178996012959,[]
162,60.02977222095019,42.3975440916213,[91]
163,73.95109854177558,70.42755194832637,[]
164,35.68561446277071,4.252415904588858,[137,170]
165,60.76516426316714,89.40505375624267,[]
166,76.23262092805841,45.21566604229348,[]
167,48.36126187978397,78.17051616145471,[]
168,10.960093191498288,66.17313303760751,[]
169,32.97324321207604,20.896909036117894,[]
170,34.089274341513175,5.95381395759329,[164]
171,34.60962173348939,14.956163675857582,[]
172,54.73192575769165,49.72132929297417,[22]
173,79.09420373275037,77.92902342430068,[]
174,96.87190652430134,48.61658068381101,[]
175,64.45739239678656,49.18055867479671,[]
176,16.87767403968271,59.29717320587559,[]
177,52.28180054240548,94.69582329163764,[68,20]
178,9.276264258958722,0.39818872185174436,[95]
179,54.39100266693936,1.3115177292690738,[]
180,52.86706634702346,14.442712510933465,[117]
181,43.18032177782186,77.04590179365883,[160]
182,8.72622765278569,18.35951200923789,[]
183,99.92380147345618,57.92068331420764,[]
184,19.250293641760543,23.519038710125795,[]
185,29.551611785707433,58.4849163454055,[28]
186,73.1102730987697,7.078026411218364,[49]
187,12.677291444510995,93.19241811167853,[47]
188,94.83501955894825,20.42664897579035,[]
189,36.064437997315636,38.85061932795713,[]
190,89.71543735802251,27.661274322312856,[]
191,41.25753732609496,4.5501096933546865,[143]
192,24.818711374110002,77.2596677172837,[]
193,57.761845263477966,24.8006214909569,[17,194,125]
194,55.12440723404214,23.5144574643548,[17,193]
195,41.94236822940513,94.04055005288076,[96,55]
196,10.141908378584752,30.784510046126922,[]
197,25.722110106300043,16.25352663098274,[]
198,40.84138650372909,13.252851315779834,[]
199,90.1949915643907,52.116987776047786,[]
